0.51 0.009645061728395063 0.0030500363234648724
0.53 0.003858024691358025 0.0019290123456790125
0.55 0.01253858024691358 0.0034775764616743724
0.57 0.010609567901234568 0.003198905083290316
0.59 0.017361111111111112 0.004092053131866594
0.61 0.02507716049382716 0.004918035796289337
0.63 0.047260802469135804 0.006751543209876544
0.65 0.0925925925925926 0.009450191908885717
0.67 0.17650462962962965 0.013047597664418098
0.69 0.28163580246913583 0.01648148870624524
0.71 0.30092592592592593 0.017036575745231188
0.73 0.3269675925925926 0.017758441974847577
0.75 0.3636188271604938 0.018727322375528165
0.77 0.390625 0.019410312304685675
0.79 0.39544753086419754 0.019529761507828498
0.81 0.47164351851851855 0.021328457163865725
0.83 0.47067901234567905 0.02130663776463592
0.85 0.4755015432098766 0.02141551245290752
0.87 0.60570987654321 0.024170455413081923
0.89 0.6008873456790124 0.02407404316039484
0.91 0.7581018518518519 0.02704059754798647
0.93 0.8188657407407408 0.02810339946823585
0.95 0.8304398148148149 0.02830131317731715
0.97 0.9056712962962964 0.029555465752400777
0.99 0.7889660493827161 0.027585551014805348
1.01 0.7957175925925927 0.027703330664245896
1.03 0.7648533950617284 0.027160740432732876
1.05 0.6741898148148149 0.02550020074537478
1.07 0.7146990740740741 0.02625512652163619
1.09 0.6278935185185186 0.024609087234130158
1.11 0.6934799382716049 0.02586243765006158
1.13 0.6259645061728395 0.024571256178350688
1.15 0.6732253086419754 0.025481953729982458
1.17 0.6925154320987654 0.02584444638691023
1.19 0.6587577160493827 0.025206663474868787
1.21 0.7349537037037037 0.02662456354522041
1.23 0.7465277777777778 0.026833386850392663
1.25 0.8121141975308642 0.027987303488709314
1.27 0.8670910493827161 0.028919105614515724
1.29 0.8140432098765432 0.02802052285172444
1.31 0.763888888888889 0.027143609721200404
1.33 0.7764274691358025 0.027365472529149514
1.35 0.7571373456790124 0.027023390675389468
1.37 0.7407407407407408 0.02672917912914934
1.39 0.7175925925925927 0.02630822086609926
1.41 0.7571373456790124 0.027023390675389468
1.43 0.6770833333333334 0.025554863617846778
1.45 0.5941358024691358 0.023938413668963845
1.47 0.5806327160493827 0.023664822813243242
1.49 0.5198688271604939 0.022392335583032216
1.51 0.49768518518518523 0.02190936861805661
1.53 0.4513888888888889 0.02086545877004624
1.55 0.4340277777777778 0.020460265659332975
1.57 0.44656635802469136 0.02075369867992864
1.59 0.4330632716049383 0.020437519386976362
1.61 0.39544753086419754 0.019529761507828498
1.63 0.4012345679012346 0.019672143185157347
1.65 0.466820987654321 0.021219135802469136
1.67 0.48996913580246915 0.02173886510336544
1.69 0.6413966049382717 0.02487229351509959
1.71 0.773533950617284 0.02731443336903221
1.73 1.0484182098765433 0.031799462812180816
1.75 1.1728395061728396 0.03363347950262866
1.77 1.3792438271604939 0.0364731296319233
1.79 1.3975694444444444 0.03671463408694884
1.81 1.2528935185185186 0.03476238674949865
1.83 1.1024305555555556 0.03260829765504816
1.85 0.8323688271604939 0.02833416439345753
1.87 0.6722608024691359 0.025463693638973932
1.89 0.5063657407407408 0.022099612726445988
1.91 0.4166666666666667 0.02004688434686201
1.93 0.3993055555555556 0.019624797404876354
1.95 0.3395061728395062 0.018095739814133604
1.97 0.3250385802469136 0.01770597969780654
1.99 0.2681327160493827 0.016081531636316614
2.01 0.2527006172839506 0.015611896273378325
2.03 0.18325617283950618 0.013294800108111711
2.05 0.1514274691358025 0.012085227706540962
2.07 0.14853395061728394 0.011969206834481922
2.09 0.17746913580246915 0.01308319826991757
2.11 0.15625 0.012276159395599784
2.13 0.14564043209876543 0.011852050277242003
2.15 0.13599537037037038 0.011452876241356016
2.17 0.13599537037037038 0.011452876241356016
2.19 0.13020833333333334 0.01120654903416498
2.21 0.1234567901234568 0.010912141684977587
2.23 0.1234567901234568 0.010912141684977587
2.25 0.11381172839506173 0.010477218837963171
2.27 0.154320987654321 0.01220014529385949
2.29 0.15721450617283952 0.012313990484957276
2.31 0.20929783950617284 0.014208063139136029
2.33 0.2507716049382716 0.015552194730514177
2.35 0.2613811728395062 0.01587777549494052
2.37 0.28163580246913583 0.01648148870624524
2.39 0.30478395061728397 0.017145436761797046
2.41 0.2835648148148148 0.01653783584055001
2.43 0.2295524691358025 0.014879676524442045
2.45 0.17554012345679013 0.013011899655895103
2.47 0.1379243827160494 0.01153381630314564
2.49 0.11284722222222222 0.01043272938502312
2.51 0.078125 0.008680555555555556
2.53 0.08584104938271606 0.009099133036320027
2.55 0.0771604938271605 0.00862680546874919
2.57 0.09066358024691358 0.009351234292855575
2.59 0.07908950617283951 0.008733974863172664
2.61 0.05883487654320988 0.00753303402382972
2.63 0.0617283950617284 0.00771604938271605
2.65 0.0617283950617284 0.00771604938271605
2.67 0.05304783950617284 0.007152969219806774
2.69 0.05690586419753087 0.007408512488299198
2.71 0.04822530864197531 0.006820088553110991
2.73 0.05111882716049383 0.007021710927160993
2.75 0.05401234567901235 0.007217703292388004
2.77 0.05690586419753087 0.007408512488299198
2.79 0.06847993827160494 0.008127073469498803
2.81 0.0626929012345679 0.0077760973652570885
2.83 0.04918981481481482 0.006887951802221114
2.85 0.06944444444444445 0.008184106263733188
2.87 0.04533179012345679 0.006612321180942365
2.89 0.04436728395061729 0.006541599134958785
2.91 0.04436728395061729 0.006541599134958785
2.93 0.03568672839506173 0.005866862008389487
2.95 0.04050925925925926 0.006250714408186594
2.97 0.05690586419753087 0.007408512488299198
2.99 0.052083333333333336 0.007087643931664289
3.01 0.05690586419753087 0.007408512488299198
3.03 0.06847993827160494 0.008127073469498803
3.05 0.08680555555555555 0.009150108970394616
3.07 0.059799382716049385 0.0075945291994712685
3.09 0.06076388888888889 0.007655530413960043
3.11 0.0617283950617284 0.00771604938271605
3.13 0.04533179012345679 0.006612321180942365
3.15 0.04533179012345679 0.006612321180942365
3.17 0.047260802469135804 0.006751543209876544
3.19 0.03858024691358025 0.006100072646929745
3.21 0.0462962962962963 0.006682294782287335
3.23 0.026041666666666668 0.005011721086715502
3.25 0.02025462962962963 0.004419922545289197
3.27 0.039544753086419755 0.006175852852462239
3.29 0.024112654320987654 0.0048225308641975315
3.31 0.02314814814814815 0.004725095954442858
3.33 0.024112654320987654 0.0048225308641975315
3.35 0.027970679012345682 0.005194024698239298
3.37 0.026041666666666668 0.005011721086715502
3.39 0.021219135802469136 0.004523934953533401
3.41 0.027970679012345682 0.005194024698239298
3.43 0.02025462962962963 0.004419922545289197
3.45 0.014467592592592593 0.00373551634472166
3.47 0.02025462962962963 0.004419922545289197
3.49 0.02314814814814815 0.004725095954442858
3.51 0.01832561728395062 0.004204184937828583
3.53 0.022183641975308643 0.0046256091081334095
3.55 0.01832561728395062 0.004204184937828583
3.57 0.016396604938271605 0.003976760827177528
3.59 0.017361111111111112 0.004092053131866594
3.61 0.016396604938271605 0.003976760827177528
3.63 0.02025462962962963 0.004419922545289197
3.65 0.02507716049382716 0.004918035796289337
3.67 0.019290123456790126 0.004313402734374595
3.69 0.017361111111111112 0.004092053131866594
3.71 0.021219135802469136 0.004523934953533401
3.73 0.021219135802469136 0.004523934953533401
3.75 0.019290123456790126 0.004313402734374595
3.77 0.026041666666666668 0.005011721086715502
3.79 0.019290123456790126 0.004313402734374595
3.81 0.01832561728395062 0.004204184937828583
3.83 0.016396604938271605 0.003976760827177528
3.85 0.016396604938271605 0.003976760827177528
3.87 0.016396604938271605 0.003976760827177528
3.89 0.028935185185185185 0.005282817877171741
3.91 0.00771604938271605 0.0027280354212443968
3.93 0.014467592592592593 0.00373551634472166
3.95 0.014467592592592593 0.00373551634472166
3.97 0.014467592592592593 0.00373551634472166
3.99 0.006751543209876544 0.0025518434713200145
4.01 0.016396604938271605 0.003976760827177528
4.03 0.013503086419753087 0.003608851646194002
4.05 0.016396604938271605 0.003976760827177528
4.07 0.003858024691358025 0.0019290123456790125
4.09 0.010609567901234568 0.003198905083290316
4.11 0.009645061728395063 0.0030500363234648724
4.13 0.013503086419753087 0.003608851646194002
4.15 0.009645061728395063 0.0030500363234648724
4.17 0.011574074074074075 0.0033411473911436674
4.19 0.008680555555555556 0.002893518518518519