1.0075 0.13796327 0
1.0175 0.14092788 0
1.0275 2.3496978 0
1.0375 0.14634182 0
1.0475 0.14897873 0
1.3475 0.17325743 1
1.3575 2.4167547 1
1.3675 0.17316489 1
1.4775 0.16924219 2
1.4875 1.3490533 2
1.4975 0.16802678 2
1.8375 0.13607444 3
1.8475 0.1330555 3
1.8575 0.13013154 3
1.8675 14.409462 3
1.8775 0.12817675 3
1.8875 0.12716559 3
1.8975 0.12615623 3
1.9925 0.116971426 4
2.0025 0.11601841 4
2.0125 1.6387144 4
2.0225 0.11412302 4
2.0325 0.113180965 4
2.1925 0.098740935 5
2.2025 0.91664165 5
2.2125 0.09703112 5
2.4475 0.078714825 6
2.4575 5.7862234 6
2.4675 0.077308744 6
2.6025 0.06783672 7
2.6125 0.18169841 7
2.6225 0.06662823 7
2.8775 0.05297311 8
2.8875 0.13379538 8
2.8975 0.05203167 8
3.1275 0.042376913 9
3.1375 0.8293461 9
3.1475 0.041631475 9
3.8875 0.021883631 10
3.8975 0.34372574 10
3.9075 0.021516388 10