-89.5000 0.0000 0.0000 0.0000 0.0000
-88.5000 0.0000 0.0000 0.0000 0.0000
-87.5000 0.0000 0.0000 0.0000 0.0000
-86.5000 0.0000 0.0000 0.0000 0.0000
-85.5000 0.0000 0.0000 0.0000 0.0000
-84.5000 0.0000 0.0000 0.0000 0.0000
-83.5000 0.0000 0.0000 0.0000 0.0000
-82.5000 0.0000 0.0000 0.0000 0.0000
-81.5000 0.0000 0.0000 0.0000 0.0000
-80.5000 0.0000 0.0000 0.0000 0.0000
-79.5000 0.0000 0.0000 0.0000 0.0000
-78.5000 2.0000 3.0615 0.6533 0.4619
-77.5000 45.0000 54.5776 0.8245 0.1229
-76.5000 148.0000 163.7397 0.9039 0.0743
-75.5000 318.0000 293.1001 1.0850 0.0608
-74.5000 646.0000 566.0276 1.1413 0.0449
-73.5000 1005.0000 940.5262 1.0686 0.0337
-72.5000 1501.0000 1322.6931 1.1348 0.0293
-71.5000 1723.0000 1675.2185 1.0285 0.0248
-70.5000 2097.0000 1961.6632 1.0690 0.0233
-69.5000 2459.0000 2199.1404 1.1182 0.0225
-68.5000 2780.0000 2425.5205 1.1461 0.0217
-67.5000 2852.0000 2532.2125 1.1263 0.0211
-66.5000 2900.0000 2684.9763 1.0801 0.0201
-65.5000 3042.0000 2820.9903 1.0783 0.0196
-64.5000 3162.0000 2855.4677 1.1073 0.0197
-63.5000 3305.0000 2912.5034 1.1348 0.0197
-62.5000 3416.0000 2970.3297 1.1500 0.0197
-61.5000 3856.0000 3037.2733 1.2696 0.0204
-60.5000 3828.0000 3104.3185 1.2331 0.0199
-59.5000 4153.0000 3220.9285 1.2894 0.0200
-58.5000 4153.0000 3260.1475 1.2739 0.0198
-57.5000 4228.0000 3307.0276 1.2785 0.0197
-56.5000 4642.0000 3346.0953 1.3873 0.0204
-55.5000 4580.0000 3367.6619 1.3600 0.0201
-54.5000 4321.0000 3425.1762 1.2615 0.0192
-53.5000 4231.0000 3435.1444 1.2317 0.0189
-52.5000 3865.0000 3501.8859 1.1037 0.0178
-51.5000 3173.0000 3556.6141 0.8921 0.0158
-50.5000 2927.0000 3613.8191 0.8099 0.0150
-49.5000 2885.0000 3685.8084 0.7827 0.0146
-48.5000 2587.0000 3723.1565 0.6948 0.0137
-47.5000 2421.0000 3745.7262 0.6463 0.0131
-46.5000 2305.0000 3833.0189 0.6014 0.0125
-45.5000 2213.0000 3865.7766 0.5725 0.0122
-44.5000 2075.0000 3940.7722 0.5265 0.0116
-43.5000 1888.0000 3980.8365 0.4743 0.0109
-42.5000 1772.0000 4031.4400 0.4395 0.0104
-41.5000 1717.0000 4063.1919 0.4226 0.0102
-40.5000 1683.0000 4085.8332 0.4119 0.0100
-39.5000 1608.0000 4097.7220 0.3924 0.0098
-38.5000 1501.0000 4097.8653 0.3663 0.0095
-37.5000 1415.0000 4114.8610 0.3439 0.0091
-36.5000 1347.0000 4160.8839 0.3237 0.0088
-35.5000 1315.0000 4202.1305 0.3129 0.0086
-34.5000 1222.0000 4219.4712 0.2896 0.0083
-33.5000 1123.0000 4246.5857 0.2644 0.0079
-32.5000 1117.0000 4237.7910 0.2636 0.0079
-31.5000 1099.0000 4268.5980 0.2575 0.0078
-30.5000 1026.0000 4292.9947 0.2390 0.0075
-29.5000 975.0000 4322.0939 0.2256 0.0072
-28.5000 905.0000 4343.3784 0.2084 0.0069
-27.5000 893.0000 4343.6245 0.2056 0.0069
-26.5000 827.0000 4370.1683 0.1892 0.0066
-25.5000 829.0000 4401.9619 0.1883 0.0065
-24.5000 725.0000 4438.9731 0.1633 0.0061
-23.5000 694.0000 4457.0514 0.1557 0.0059
-22.5000 702.0000 4465.2365 0.1572 0.0059
-21.5000 698.0000 4472.7844 0.1561 0.0059
-20.5000 594.0000 4493.6546 0.1322 0.0054
-19.5000 625.0000 4519.1629 0.1383 0.0055
-18.5000 625.0000 4550.3465 0.1374 0.0055
-17.5000 555.0000 4563.2973 0.1216 0.0052
-16.5000 546.0000 4571.1800 0.1194 0.0051
-15.5000 591.0000 4534.3856 0.1303 0.0054
-14.5000 577.0000 4529.9751 0.1274 0.0053
-13.5000 578.0000 4520.1217 0.1279 0.0053
-12.5000 553.0000 4509.7608 0.1226 0.0052
-11.5000 522.0000 4496.9780 0.1161 0.0051
-10.5000 534.0000 4501.0216 0.1186 0.0051
-9.5000 492.0000 4491.0196 0.1096 0.0049
-8.5000 498.0000 4493.9873 0.1108 0.0050
-7.5000 485.0000 4498.3963 0.1078 0.0049
-6.5000 473.0000 4524.5052 0.1045 0.0048
-5.5000 512.0000 4540.0850 0.1128 0.0050
-4.5000 494.0000 4555.1804 0.1084 0.0049
-3.5000 505.0000 4583.1040 0.1102 0.0049
-2.5000 475.0000 4586.5380 0.1036 0.0048
-1.5000 473.0000 4583.4275 0.1032 0.0047
-0.5000 545.0000 4587.9725 0.1188 0.0051
0.5000 511.0000 4605.2940 0.1110 0.0049
1.5000 517.0000 4638.2256 0.1115 0.0049
2.5000 524.0000 4653.8019 0.1126 0.0049
3.5000 532.0000 4731.1023 0.1124 0.0049
4.5000 559.0000 4854.1219 0.1152 0.0049
5.5000 525.0000 4933.1007 0.1064 0.0046
6.5000 537.0000 4989.4137 0.1076 0.0046
7.5000 539.0000 5037.3081 0.1070 0.0046
8.5000 529.0000 5069.6047 0.1043 0.0045
9.5000 586.0000 5146.0081 0.1139 0.0047
10.5000 541.0000 5203.9409 0.1040 0.0045
11.5000 558.0000 5227.1784 0.1067 0.0045
12.5000 567.0000 5249.7414 0.1080 0.0045
13.5000 588.0000 5285.2739 0.1113 0.0046
14.5000 540.0000 5299.9711 0.1019 0.0044
15.5000 593.0000 5351.8737 0.1108 0.0046
16.5000 607.0000 5378.0197 0.1129 0.0046
17.5000 599.0000 5406.9918 0.1108 0.0045
18.5000 603.0000 5436.6499 0.1109 0.0045
19.5000 612.0000 5436.3374 0.1126 0.0046
20.5000 649.0000 5475.5969 0.1185 0.0047
21.5000 624.0000 5514.4590 0.1132 0.0045
22.5000 695.0000 5543.7669 0.1254 0.0048
23.5000 698.0000 5545.6259 0.1259 0.0048
24.5000 760.0000 5574.1260 0.1363 0.0049
25.5000 777.0000 5587.9811 0.1390 0.0050
26.5000 805.0000 5615.7432 0.1433 0.0051
27.5000 917.0000 5689.9683 0.1612 0.0053
28.5000 819.0000 5714.5777 0.1433 0.0050
29.5000 857.0000 5714.5582 0.1500 0.0051
30.5000 925.0000 5714.3703 0.1619 0.0053
31.5000 924.0000 5731.9742 0.1612 0.0053
32.5000 978.0000 5767.0424 0.1696 0.0054
33.5000 1057.0000 5811.2002 0.1819 0.0056
34.5000 1183.0000 5843.6622 0.2024 0.0059
35.5000 1206.0000 5895.8472 0.2046 0.0059
36.5000 1292.0000 5945.2261 0.2173 0.0060
37.5000 1383.0000 5991.9690 0.2308 0.0062
38.5000 1463.0000 6036.9886 0.2423 0.0063
39.5000 1565.0000 6077.6789 0.2575 0.0065
40.5000 1611.0000 6123.2515 0.2631 0.0066
41.5000 1769.0000 6195.4637 0.2855 0.0068
42.5000 1873.0000 6262.5532 0.2991 0.0069
43.5000 2144.0000 6328.9350 0.3388 0.0073
44.5000 2273.0000 6361.0596 0.3573 0.0075
45.5000 2499.0000 6419.5884 0.3893 0.0078
46.5000 2601.0000 6447.9844 0.4034 0.0079
47.5000 2929.0000 6508.0148 0.4501 0.0083
48.5000 3279.0000 6557.8302 0.5000 0.0087
49.5000 3839.0000 6612.1714 0.5806 0.0094
50.5000 4122.0000 6685.5253 0.6166 0.0096
51.5000 4444.0000 6776.2627 0.6558 0.0098
52.5000 4593.0000 6819.6100 0.6735 0.0099
53.5000 5022.0000 6926.2003 0.7251 0.0102
54.5000 5214.0000 6977.5290 0.7473 0.0103
55.5000 5490.0000 7061.4469 0.7775 0.0105
56.5000 5900.0000 7229.4063 0.8161 0.0106
57.5000 6117.0000 7414.7893 0.8250 0.0105
58.5000 6774.0000 7579.8510 0.8937 0.0109
59.5000 7279.0000 7753.8816 0.9388 0.0110
60.5000 8113.0000 8053.7255 1.0074 0.0112
61.5000 9070.0000 8283.5984 1.0949 0.0115
62.5000 9750.0000 8710.5586 1.1193 0.0113
63.5000 10838.0000 9150.7548 1.1844 0.0114
64.5000 11820.0000 9564.9384 1.2358 0.0114
65.5000 12387.0000 9933.8820 1.2469 0.0112
66.5000 12896.0000 10134.4933 1.2725 0.0112
67.5000 13239.0000 10294.1835 1.2861 0.0112
68.5000 13333.0000 10452.1476 1.2756 0.0110
69.5000 12973.0000 10593.2548 1.2246 0.0108
70.5000 12098.0000 10680.2079 1.1327 0.0103
71.5000 11349.0000 10780.8029 1.0527 0.0099
72.5000 10977.0000 10920.0934 1.0052 0.0096
73.5000 10793.0000 11073.3753 0.9747 0.0094
74.5000 10736.0000 11265.0903 0.9530 0.0092
75.5000 10212.0000 11536.2159 0.8852 0.0088
76.5000 10050.0000 11875.2923 0.8463 0.0084
77.5000 10225.0000 12329.9496 0.8293 0.0082
78.5000 10534.0000 12987.4510 0.8111 0.0079
79.5000 10730.0000 14057.4765 0.7633 0.0074
80.5000 12291.0000 16033.5181 0.7666 0.0069
81.5000 15675.0000 20919.7985 0.7493 0.0060
82.5000 22252.0000 30052.5950 0.7404 0.0050
83.5000 0.0000 0.0025 0.0000 0.0000
84.5000 0.0000 0.0000 0.0000 0.0000
85.5000 0.0000 0.0000 0.0000 0.0000
86.5000 1.0000 0.0776 12.8862 12.8862
87.5000 0.0000 0.2588 0.0000 0.0000
88.5000 0.0000 0.0000 0.0000 0.0000
89.5000 0.0000 0.0000 0.0000 0.0000
