375.0 0.0
425.0 0.03680505147694432
475.0 0.2740669365832952
525.0 0.8455002164178634
575.0 1.223100075000488
625.0 1.926896526175405
675.0 3.9229466377771693
725.0 4.71182196276322
775.0 4.7225886460393784
825.0 4.215055587599597
875.0 4.079396103002607
925.0 4.238142038528237
975.0 4.004085277788953
1025.0 3.896356271959584
1075.0 3.693517660765907
1125.0 3.707738986720372
1175.0 3.525272268187691
1225.0 3.447409947777172
1275.0 3.3093764778015977
1325.0 3.2992394218803356
1375.0 3.2280858066738114
1425.0 3.2453708366662917
1475.0 3.0675040633907638
1525.0 2.842183468810924
1575.0 2.6094384807349043
1625.0 2.569507101774665
1675.0 2.5137593032143086
1725.0 2.5590417813569903
1775.0 2.3710108824796627
1825.0 2.168067906218636
1875.0 1.9093498148180637
1925.0 1.8178664493410368
1975.0 1.6626896718269726
2025.0 1.7112273478379205
2075.0 1.4262523956387438
2125.0 1.2465044426710838
2175.0 1.1632159765142598
2225.0 1.0777461041020993
2275.0 1.0607953587500032
2325.0 1.0312672764547446
2375.0 1.0505935039403937
2425.0 1.032217113552601
2475.0 1.0379917858922205
2525.0 1.002886195668237
2575.0 1.0181695587571407
2625.0 1.0004611201926183
2675.0 1.0118860749609893
2725.0 0.9901495397223973
2775.0 0.9903875466821619
2825.0 0.9550950361335784
2875.0 0.9750039369717285
2925.0 0.937810138475536
2975.0 0.9356002759226343
3025.0 0.9070901991494607
3075.0 0.9114108247595167
3125.0 0.8794137365084056
3175.0 0.875411662576757
3225.0 0.8315540469218925
3275.0 0.8163349879268722
3325.0 0.8202390927572738
3375.0 0.8082655761364678
3425.0 0.7725451869049369
3475.0 0.7615384381945997
3525.0 0.7314732338658907
3575.0 0.7283439020794812
3625.0 0.6893123574602908
3675.0 0.657730702617953
3725.0 0.6330032702290049
3775.0 0.608853055588582
3825.0 0.5792093920474711
3875.0 0.5525881755971365
3925.0 0.5289140683243756
3975.0 0.5122682651377715
4025.0 0.47860529643070604
4075.0 0.46407796221621306
4125.0 0.4294250760062868
4175.0 0.38895768383759927
4225.0 0.36663803856489957
4275.0 0.35240945103124605
4325.0 0.3404964608706028
4375.0 0.3097789187312996
4425.0 0.2886755212977019
4475.0 0.27464686446020453
4525.0 0.2529896979165167
4575.0 0.23057396893103835
4625.0 0.21674075445435434
4675.0 0.21006310877831175
4725.0 0.19189474075514476
4775.0 0.17209468306446216
4825.0 0.16639631382458409
4875.0 0.15246821498753124
4925.0 0.14107101017940554
4975.0 0.1306533719624835
5025.0 0.11804831559758934
5075.0 0.11571171929570781
5125.0 0.1066484726177201
5175.0 0.09893577748778468
5225.0 0.09117843443583928
5275.0 0.08121469408623684
5325.0 0.08167610271778507
5375.0 0.07386614397098362
5425.0 0.06905370891188245
5475.0 0.06578029343839008
5525.0 0.06676858165877356
5575.0 0.059244505806651394
5625.0 0.06008306566557072
5675.0 0.05360731681900978
5725.0 0.0477680475731299
5775.0 0.0462692895121582
5825.0 0.04908486280553679
5875.0 0.04683458015077519
5925.0 0.04833987708879166
5975.0 0.04217259562349806
6025.0 0.04332543601789164
6075.0 0.040584103626472356
6125.0 0.03905841707350949
6175.0 0.03881347274307499
6225.0 0.03443096386223238
6275.0 0.03406953506865536
6325.0 0.03242344737754602
6375.0 0.036628769827222386
6425.0 0.03396840919673275
6475.0 0.031209067529204368
6525.0 0.03086566256723918
6575.0 0.0339077618211835
6625.0 0.03080381245069661
6675.0 0.03145768666019494
6725.0 0.03426225038251737
6775.0 0.03188749530436702
6825.0 0.03273963404917732
6875.0 0.031739662008393364
6925.0 0.03392034085588932
6975.0 0.03538617319420093
7025.0 0.03376182419877633
7075.0 0.028316258462849946
7125.0 0.02923276212958656
7175.0 0.02667947117594295
7225.0 0.02747555950241968
7275.0 0.034830113529897476
7325.0 0.033392882260909786
7375.0 0.039285006037595264
7425.0 0.051272454798315416
7475.0 0.05532499211245698
7525.0 0.05359465445337137
7575.0 0.04538415620983308
7625.0 0.033917261246364704
7675.0 0.03084121316906753
7725.0 0.029821447657385123
7775.0 0.030217005943933402
7825.0 0.03281943567382275
7875.0 0.03126416476952787
7925.0 0.03192239546177966
7975.0 0.03615442887299061
8025.0 0.029140656129294364
8075.0 0.032385974305043516
8125.0 0.026978447035028105
8175.0 0.0302652463124649
8225.0 0.03661140078034233
8275.0 0.035969873781918016
8325.0 0.037810270171457105
8375.0 0.037999342481670646
8425.0 0.029347415237730184
8475.0 0.03085861183639392
8525.0 0.038237881318194694
8575.0 0.02806379646831601
8625.0 0.029894665790238417
8675.0 0.04809862874154127
8725.0 0.05203525602331925
8775.0 0.05822256875924341
8825.0 0.04574493511730594
8875.0 0.033598885177933864
8925.0 0.0429660229069218
8975.0 0.04183927827010684
9025.0 0.05117599756551418
9075.0 0.07332541817030519
9125.0 0.076840816944299
9175.0 0.14727003543070705
9225.0 0.21823485291577516
9275.0 0.2917962901946196
9325.0 0.8114297464498087
9375.0 1.6311921787382049
9425.0 7.955407987994129
9475.0 32.44428639766071
